7997.54
7997.54
7997.54
7997.54
7997.54
7997.54
7997.54
7996.44
7996.44
7996.44
7996.44
7994.89
7994.89
7994.89
7994.89
7994.89
7994.89
7994.89
7994.89
7994.89
7994.89
7994.89
7994.89
7994.89
7994.89
7994.89
7994.89
7994.89
7994.89
7994.89
7994.89
7994.89
7994.89
7994.89
7994.89
7994.89
7994.89
7994.89
7994.89
7994.89
7994.89
7994.89
7994.89
7994.89
7994.89
7994.89
7994.89
7994.89
7994.89
7994.89
7994.89
7994.89
7994.89
7994.89
7994.89
7994.89
7994.89
7994.89
7994.89
7994.89
7994.89
7994.89
7994.89
7994.89
7994.89
7994.89
7994.89
7994.89
7994.89
7994.89
7994.89
7994.89
7994.89
7994.89
7994.89
7994.89
7994.89
7994.89
7994.89
7994.89
7994.89
7994.89
7994.89
7994.89
7994.89
7994.89
7994.89
7994.89
7994.89
7994.89
7994.89
7994.89
7994.89
7994.89
7994.89
7994.89
7994.89
7994.89
7994.89
7994.89
